id,millis,sensor
0,16,0
1,23,763
2,31,765
3,38,763
4,47,765
5,55,768
6,63,766
7,72,769
8,79,782
9,88,792
10,96,815
11,104,831
12,112,836
13,121,830
14,128,831
15,137,828
16,145,824
17,154,826
18,161,832
19,170,836
20,178,847
21,186,856
22,194,858
23,203,854
24,210,859
25,219,867
26,227,867
27,235,875
28,244,879
29,251,870
30,260,868
31,268,873
32,276,878
33,285,893
34,292,909
35,301,915
36,308,904
37,317,883
38,325,864
39,333,849
40,341,855
41,350,872
42,357,875
43,366,904
44,374,920
45,383,913
46,390,912
47,399,910
48,408,908
49,415,921
50,424,928
51,432,918
52,440,916
53,448,908
54,457,916
55,464,932
56,473,944
57,481,952
58,490,973
59,497,964
60,506,955
61,514,957
62,522,957
63,530,957
64,539,960
65,546,970
66,555,977
67,563,983
68,571,982
69,579,988
70,588,994
71,595,999
72,604,1000
73,612,997
74,620,993
75,628,990
76,637,988
77,644,991
78,653,995
79,661,1002
80,670,1013
81,677,1010
82,686,1013
83,693,1014
84,702,1004
85,710,1001
86,718,1004
87,727,1005
88,734,999
89,743,1003
90,751,1010
91,760,1016
92,767,1021
93,776,1023
94,783,1023
95,792,1023
96,800,1023
97,809,1023
98,817,1023
99,825,1023
100,834,1023
101,841,1023
102,850,1023
103,858,1023
104,866,1023
105,874,1023
106,883,1023
107,890,1023
108,899,1023
109,907,1023
110,915,1023
111,923,1023
112,932,1023
113,939,1023
114,948,1023
115,956,1023
116,964,1023
117,972,1021
118,981,1014
119,988,1014
120,997,1015
121,1005,1023
122,1013,1023
123,1022,1023
124,1030,1023
125,1038,1023
126,1046,1023
127,1055,1023
128,1062,1023
129,1071,1023
130,1079,1023
131,1088,1023
132,1095,1023
133,1104,1023
134,1112,1023
135,1120,1023
136,1128,1023
137,1137,1023
138,1144,1023
139,1153,1023
140,1160,1023
141,1169,1023
142,1177,1023
143,1186,1023
144,1193,1023
145,1202,1023
146,1209,1023
147,1218,1023
148,1226,1023
149,1235,1001
150,1242,993
151,1251,995
152,1259,1004
153,1267,1015
154,1276,1023
155,1284,1023
156,1292,1023
157,1300,1023
158,1309,1023
159,1316,999
160,1325,986
161,1333,987
162,1341,990
163,1349,1000
164,1358,1007
165,1365,1010
166,1374,1012
167,1382,1011
168,1390,1009
169,1398,1007
170,1407,994
171,1414,975
172,1423,969
173,1431,970
174,1439,975
175,1448,988
176,1456,984
177,1464,1012
178,1472,1006
179,1481,998
180,1488,1002
181,1497,983
182,1505,959
183,1513,945
184,1521,937
185,1530,936
186,1537,951
187,1546,959
188,1554,963
189,1562,979
190,1570,974
191,1579,972
192,1586,944
193,1595,921
194,1603,910
195,1612,910
196,1619,917
197,1628,918
198,1636,923
199,1644,924
200,1652,922
201,1661,920
202,1668,914
203,1677,910
204,1685,904
205,1693,897
206,1701,888
207,1710,881
208,1717,875
209,1727,873
210,1734,876
211,1742,876
212,1751,875
213,1759,876
214,1767,876
215,1775,879
216,1784,874
217,1791,860
218,1800,848
219,1808,838
220,1816,836
221,1824,841
222,1833,835
223,1840,862
224,1849,851
225,1857,836
226,1866,845
227,1873,842
228,1882,821
229,1890,813
230,1898,812
231,1906,809
232,1915,809
233,1922,809
234,1931,806
235,1939,804
236,1948,803
237,1955,803
238,1964,804
239,1972,807
240,1980,806
241,1988,794
242,1997,778
243,2005,763
244,2013,754
245,2021,753
246,2030,764
247,2037,773
248,2045,777
249,2054,774
250,2061,771
251,2070,761
252,2078,744
253,2087,731
254,2094,729
255,2103,733
256,2111,734
257,2119,729
258,2127,729
259,2136,733
260,2143,734
261,2152,734
262,2160,737
263,2169,735
264,2176,724
265,2185,719
266,2193,722
267,2201,730
268,2209,735
269,2218,733
270,2226,732
271,2234,737
272,2242,725
273,2251,712
274,2258,700
275,2267,698
276,2275,706
277,2283,714
278,2291,720
279,2300,719
280,2307,718
281,2316,724
282,2324,730
283,2332,724
284,2340,711
285,2349,696
286,2356,687
287,2365,682
288,2373,682
289,2381,690
290,2389,701
291,2398,710
292,2405,724
293,2414,727
294,2422,720
295,2431,709
296,2439,695
297,2447,688
298,2456,696
299,2463,700
300,2472,702
301,2479,707
302,2488,707
303,2496,703
304,2504,700
305,2512,702
306,2521,703
307,2528,698
308,2537,697
309,2545,691
310,2554,674
311,2561,664
312,2570,660
313,2578,660
314,2586,666
315,2594,670
316,2603,677
317,2610,688
318,2619,692
319,2627,687
320,2635,677
321,2644,677
322,2652,681
323,2660,688
324,2668,694
325,2677,692
326,2684,681
327,2693,674
328,2701,671
329,2709,675
330,2717,684
331,2726,696
332,2733,706
333,2742,708
334,2750,702
335,2758,693
336,2766,684
337,2775,674
338,2782,665
339,2791,655
340,2799,653
341,2807,648
342,2816,647
343,2824,651
344,2832,651
345,2840,655
346,2848,662
347,2857,667
348,2864,674
349,2873,688
350,2881,701
351,2889,714
352,2897,721
353,2906,721
354,2914,721
355,2922,726
356,2931,718
357,2938,708
358,2947,710
359,2955,720
360,2963,726
361,2971,744
362,2980,748
363,2987,736
364,2996,725
365,3003,713
366,3012,712
367,3021,728
368,3028,741
369,3037,753
370,3045,752
371,3054,743
372,3061,719
373,3070,703
374,3077,697
375,3086,699
376,3094,703
377,3102,713
378,3110,728
379,3119,738
380,3126,742
381,3135,746
382,3143,755
383,3151,763
384,3160,776
385,3168,791
386,3176,800
387,3184,796
388,3193,812
389,3200,807
390,3209,817
391,3217,832
392,3225,844
393,3233,843
394,3242,837
395,3250,846
396,3258,854
397,3267,859
398,3274,867
399,3283,869
400,3290,868
401,3299,872
402,3307,870
403,3315,864
404,3323,864
405,3332,870
406,3339,877
407,3348,887
408,3356,889
409,3364,885
410,3373,886
411,3381,888
412,3389,894
413,3397,904
414,3406,915
415,3413,916
416,3422,913
417,3430,917
418,3438,927
419,3446,935
420,3455,941
421,3462,953
422,3471,962
423,3479,966
424,3487,968
425,3496,968
426,3504,962
427,3512,955
428,3520,949
429,3529,947
430,3536,947
431,3545,945
432,3552,956
433,3561,975
434,3569,984
435,3577,989
436,3585,997
437,3594,991
438,3602,979
439,3610,966
440,3619,966
441,3626,973
442,3635,975
443,3643,982
444,3651,998
445,3659,1009
446,3668,1017
447,3675,1023
448,3684,1023
449,3692,1020
450,3700,1011
451,3708,1003
452,3717,1000
453,3724,987
454,3733,990
455,3742,995
456,3749,1005
457,3758,1021
458,3766,1023
459,3774,1023
460,3782,1023
461,3791,1023
462,3798,1023
463,3807,1023
464,3815,1023
465,3823,1018
466,3831,1016
467,3839,1021
468,3848,1023
469,3856,1023
470,3864,1023
471,3872,1023
472,3881,1023
473,3888,1023
474,3897,1023
475,3905,1023
476,3913,1023
477,3921,1023
478,3930,1023
479,3937,1023
480,3946,1023
481,3955,1023
482,3962,1023
483,3971,1023
484,3979,1023
485,3987,1023
486,3995,1023
487,4004,1023
488,4011,1023
489,4020,1023
490,4027,1023
491,4036,1023
492,4044,1023
493,4052,1023
494,4060,1023
495,4069,1023
496,4077,1023
497,4085,1023
498,4094,1023
499,4101,1023
500,4110,1023
501,4118,1023
502,4126,1023
503,4134,1023
504,4143,1023
505,4150,1023
506,4159,1023
507,4167,1023
508,4175,1023
509,4184,1023
510,4192,1023
511,4200,1023
512,4208,1023
513,4217,1023
514,4224,1023
515,4233,1022
516,4240,1021
517,4249,1023
518,4257,1023
519,4265,1023
520,4274,1023
521,4282,1023
522,4290,1023
523,4298,1023
524,4307,1023
525,4314,1023
526,4323,1010
527,4331,984
528,4339,967
529,4347,964
530,4356,970
531,4363,981
532,4372,999
533,4381,1016
534,4388,1023
535,4397,1023
536,4404,1023
537,4413,1023
538,4421,1002
539,4430,970
540,4437,948
541,4446,938
542,4453,943
543,4462,936
544,4470,973
545,4478,987
546,4487,1000
547,4495,1011
548,4503,1015
549,4511,1000
550,4520,975
551,4527,946
552,4536,925
553,4544,914
554,4552,923
555,4560,934
556,4569,946
557,4576,951
558,4585,969
559,4594,970
560,4601,964
561,4610,951
562,4617,934
563,4626,908
564,4634,898
565,4642,898
566,4650,899
567,4659,903
568,4666,913
569,4675,923
570,4684,925
571,4691,921
572,4700,911
573,4708,893
574,4716,877
575,4724,867
576,4733,859
577,4740,859
578,4749,867
579,4757,868
580,4765,876
581,4773,874
582,4782,875
583,4800,876
584,4806,856
585,4815,847
586,4822,835
587,4831,828
588,4838,828
589,4847,835
590,4856,843
591,4863,851
592,4872,852
593,4879,852
594,4888,849
595,4896,840
596,4904,827
597,4912,811
598,4921,801
599,4929,795
600,4937,791
601,4946,788
602,4953,799
603,4962,805
604,4970,802
605,4978,803
606,4986,799
607,4995,791
608,5002,780
609,5011,769
610,5019,757
611,5027,744
612,5036,733
613,5043,732
614,5052,740
615,5060,745
616,5068,755
617,5077,763
618,5085,767
619,5093,760
620,5101,747
621,5110,733
622,5117,718
623,5126,705
624,5134,694
625,5142,701
626,5150,705
627,5158,704
628,5166,698
629,5175,698
630,5183,703
631,5191,713
632,5200,723
633,5207,723
634,5216,709
635,5224,696
636,5232,697
637,5240,696
638,5249,693
639,5256,699
640,5265,708
641,5273,722
642,5281,730
643,5289,736
644,5298,733
645,5306,728
646,5314,717
647,5323,701
648,5330,690
649,5339,689
650,5346,695
651,5355,701
652,5363,700
653,5371,701
654,5380,701
655,5388,699
656,5396,701
657,5404,709
658,5413,712
659,5420,708
660,5429,705
661,5437,710
662,5445,718
663,5453,721
664,5462,716
665,5469,710
666,5478,701
667,5485,693
668,5494,687
669,5503,687
670,5510,687
671,5519,687
672,5527,681
673,5535,680
674,5543,689
675,5552,697
676,5559,706
677,5568,714
678,5576,708
679,5584,689
680,5592,670
681,5601,656
682,5608,647
683,5617,649
684,5626,660
685,5633,671
686,5642,677
687,5650,679
688,5658,684
689,5666,685
690,5675,678
691,5682,668
692,5691,660
693,5699,659
694,5707,663
695,5715,674
696,5724,687
697,5731,701
698,5740,710
699,5749,708
700,5756,696
701,5765,683
702,5773,670
703,5781,656
704,5789,643
705,5797,648
706,5805,656
707,5819,662
708,5826,675
709,5834,684
710,5843,688
711,5850,695
712,5859,695
713,5867,694
714,5875,688
715,5883,693
716,5892,702
717,5900,716
718,5907,728
719,5916,731
720,5925,725
721,5932,712
722,5941,705
723,5949,704
724,5957,702
725,5965,706
726,5974,712
727,5981,724
728,5990,730
729,5998,739
730,6006,744
731,6014,745
732,6022,739
733,6031,731
734,6039,721
735,6048,717
736,6055,722
737,6064,725
738,6071,732
739,6080,746
740,6088,754
741,6097,762
742,6104,763
743,6113,763
744,6120,762
745,6129,755
746,6137,760
747,6145,770
748,6153,779
749,6162,792
750,6170,799
751,6178,807
752,6187,811
753,6194,810
754,6203,810
755,6211,812
756,6219,806
757,6227,800
758,6236,802
759,6243,816
760,6252,828
761,6260,839
762,6268,850
763,6277,860
764,6285,863
765,6293,861
766,6301,856
767,6309,854
768,6317,854
769,6326,852
770,6333,859
771,6342,871
772,6351,887
773,6358,896
774,6367,908
775,6375,910
776,6383,910
777,6391,898
778,6400,889
779,6407,890
780,6416,896
781,6423,909
782,6432,920
783,6441,930
784,6448,939
785,6457,942
786,6465,944
787,6473,947
788,6481,950
789,6490,959
790,6497,962
791,6506,962
792,6515,954
793,6522,952
794,6531,959
795,6538,966
796,6547,972
797,6555,983
798,6563,996
799,6571,1004
800,6580,1000
801,6587,1006
802,6596,1005
803,6604,997
804,6612,989
805,6621,989
806,6629,981
807,6637,973
808,6645,984
809,6654,997
810,6661,1017
811,6670,1023
812,6678,1023
813,6686,1023
814,6694,1023
815,6703,1023
816,6710,1023
817,6719,1023
818,6728,1023
819,6735,1023
820,6744,1023
821,6752,1023
822,6760,1023
823,6768,1023
824,6777,1023
825,6784,1023
826,6793,1023
827,6800,1023
828,6809,1023
829,6817,1023
830,6825,1023
831,6834,1023
832,6842,1023
833,6849,1023
834,6858,1023
835,6867,1023
836,6875,1023
837,6882,1023
838,6891,1023
839,6899,1023
840,6907,1023
841,6915,1023
842,6924,1023
843,6932,1023
844,6940,1023
845,6948,1023
846,6957,1023
847,6964,1023
848,6973,1023
849,6981,1023
850,6990,1023
851,6997,1023
852,7006,1023
853,7014,1023
854,7021,1023
855,7030,1022
856,7038,1023
857,7047,1023
858,7054,1023
859,7063,1023
860,7071,1023
861,7080,1023
862,7088,1023
863,7096,1023
864,7104,1023
865,7112,1023
866,7120,1023
867,7129,1023
868,7136,1023
869,7145,1023
870,7153,1023
871,7161,1023
872,7169,1023
873,7178,1023
874,7185,1023
875,7194,1023
876,7202,1014
877,7210,996
878,7218,991
879,7227,992
880,7235,1006
881,7243,1017
882,7252,1023
883,7259,1023
884,7268,1023
885,7276,1023
886,7284,1013
887,7292,999
888,7301,997
889,7308,992
890,7317,990
891,7325,992
892,7333,991
893,7341,1001
894,7350,1005
895,7358,1007
896,7366,1001
897,7375,983
898,7382,968
899,7391,958
900,7399,953
901,7407,959
902,7415,967
903,7424,987
904,7431,1000
905,7440,1000
906,7447,992
907,7456,973
908,7465,955
909,7472,941
910,7481,931
911,7489,940
912,7497,938
913,7505,941
914,7514,943
915,7521,947
916,7530,955
917,7538,956
918,7546,954
919,7554,960
920,7563,952
921,7571,937
922,7579,913
923,7588,893
924,7595,885
925,7604,884
926,7611,894
927,7620,906
928,7628,917
929,7637,915
930,7644,912
931,7653,894
932,7660,880
933,7669,867
934,7678,857
935,7685,849
936,7694,840
937,7702,838
938,7710,848
939,7718,857
940,7727,863
941,7734,861
942,7743,857
943,7750,849
944,7759,837
945,7768,821
946,7775,807
947,7784,799
948,7792,794
949,7800,791
950,7808,793
951,7817,800
952,7824,804
953,7833,807
954,7841,806
955,7849,801
956,7858,793
957,7866,783
958,7874,768
959,7882,764
960,7890,756
961,7898,755
962,7907,759
963,7914,763
964,7923,768
965,7932,769
966,7939,768
967,7948,758
968,7955,745
969,7964,738
970,7972,734
971,7980,734
972,7988,738
973,7997,740
974,8005,746
975,8013,742
976,8022,740
977,8029,736
978,8038,735
979,8046,733
980,8054,728
981,8062,728
982,8071,731
983,8078,728
984,8087,718
985,8096,709
986,8103,703
987,8112,699
988,8119,694
989,8128,688
990,8136,686
991,8144,684
992,8152,681
993,8161,682
994,8168,688
995,8177,693
996,8186,692
997,8193,690
998,8202,693
999,8210,684
1000,8218,679
1001,8226,684
1002,8235,694
1003,8242,701
1004,8251,708
1005,8259,708
1006,8267,698
1007,8275,679
1008,8284,668
1009,8291,666
1010,8300,661
1011,8309,665
1012,8316,680
1013,8325,688
1014,8332,690
1015,8341,687
1016,8349,687
1017,8357,683
1018,8365,680
1019,8374,677
1020,8381,679
1021,8390,685
1022,8398,693
1023,8406,706
1024,8415,720
1025,8423,725
1026,8431,724
1027,8439,719
1028,8448,703
1029,8455,688
1030,8464,692
1031,8471,703
1032,8480,705
1033,8488,693
1034,8496,679
1035,8504,674
1036,8513,676
1037,8521,681
1038,8529,687
1039,8538,686
1040,8545,678
1041,8554,661
1042,8562,642
1043,8570,637
1044,8578,645
1045,8587,657
1046,8594,668
1047,8603,680
1048,8611,693
1049,8619,708
1050,8628,712
1051,8636,710
1052,8644,708
1053,8652,708
1054,8661,701
1055,8668,690
1056,8677,690
1057,8685,698
1058,8693,710
1059,8701,728
1060,8710,740
1061,8717,745
1062,8726,743
1063,8733,741
1064,8742,738
1065,8751,735
1066,8758,736
1067,8767,734
1068,8775,728
1069,8783,729
1070,8791,735
1071,8800,742
1072,8807,751
1073,8816,750
1074,8824,746
1075,8832,748
1076,8841,753
1077,8849,760
1078,8855,763
1079,8861,773
1080,8869,786
1081,8877,800
1082,8886,804
1083,8893,803
1084,8901,801
1085,8910,798
1086,8918,796
1087,8927,795
1088,8935,799
1089,8943,810
1090,8951,823
1091,8960,828
1092,8967,831
1093,8975,831
1094,8984,830
1095,8992,830
1096,9000,834
1097,9008,837
1098,9017,837
1099,9025,841
1100,9033,848
1101,9041,858
1102,9050,866
1103,9057,870
1104,9066,871
1105,9074,868
1106,9082,868
1107,9090,868
1108,9099,872
1109,9106,874
1110,9115,880
1111,9123,884
1112,9131,894
1113,9140,899
1114,9148,903
1115,9156,901
1116,9164,897
1117,9172,897
1118,9180,898
1119,9189,897
1120,9196,912
1121,9205,929
1122,9213,943
1123,9221,947
1124,9230,950
1125,9238,940
1126,9246,934
1127,9254,931
1128,9263,934
1129,9270,943
1130,9279,951
1131,9286,965
1132,9295,974
1133,9304,983
1134,9311,984
1135,9320,981
1136,9328,977
1137,9336,973
1138,9344,970
1139,9353,969
1140,9360,973
1141,9369,985
1142,9377,994
1143,9385,1005
1144,9394,1008
1145,9401,1010
1146,9410,1016
1147,9418,1016
1148,9426,1019
1149,9434,1012
1150,9443,1008
1151,9450,1008
1152,9459,1007
1153,9467,1008
1154,9475,1020
1155,9484,1023
1156,9492,1023
1157,9500,1023
1158,9508,1023
1159,9517,1023
1160,9524,1023
1161,9533,1016
1162,9541,1008
1163,9549,1007
1164,9557,1012
1165,9566,1023
1166,9573,1023
1167,9582,1023
1168,9590,1023
1169,9598,1023
1170,9607,1023
1171,9615,1023
1172,9623,1023
1173,9631,1004
1174,9640,1003
1175,9647,1018
1176,9656,1023
1177,9663,1023
1178,9672,1023
1179,9680,1023
1180,9688,1023
1181,9696,1023
1182,9705,1023
1183,9713,1014
1184,9721,1013
1185,9730,1019
1186,9737,1023
1187,9746,1023
1188,9754,1023
1189,9762,1023
1190,9770,1023
1191,9779,1023
1192,9786,1023
1193,9795,1016
1194,9802,1010
1195,9811,1016
1196,9820,1023
1197,9827,1023
1198,9836,1023
1199,9844,1023
1200,9852,1023
1201,9860,1023
1202,9869,1023
1203,9876,1023
1204,9885,1023
1205,9893,1023
1206,9901,1023
1207,9910,1023
1208,9918,1023
1209,9926,1023
1210,9934,1023
1211,9942,1023
1212,9950,1023
1213,9959,1023
1214,9966,1023
1215,9975,1023
1216,9984,1023
1217,9991,1023
1218,10000,1023
