id,millis,sensor
0,13,889
1,20,747
2,28,758
3,37,756
4,45,756
5,53,757
6,62,764
7,69,778
8,78,786
9,86,783
10,94,789
11,102,799
12,111,797
13,118,785
14,127,786
15,135,792
16,143,792
17,151,789
18,160,795
19,167,797
20,176,818
21,184,843
22,192,847
23,200,846
24,209,841
25,217,836
26,225,837
27,234,826
28,241,818
29,250,822
30,258,821
31,266,811
32,274,813
33,283,825
34,290,834
35,299,850
36,307,871
37,316,871
38,323,861
39,332,852
40,340,851
41,348,851
42,356,848
43,365,849
44,381,845
45,389,846
46,397,854
47,405,856
48,413,855
49,422,856
50,429,861
51,438,860
52,447,861
53,454,861
54,463,855
55,471,851
56,479,850
57,487,846
58,496,843
59,503,839
60,512,838
61,520,843
62,529,850
63,536,853
64,545,859
65,553,859
66,561,855
67,569,855
68,578,853
69,585,846
70,594,835
71,602,831
72,610,831
73,618,829
74,627,826
75,634,831
76,643,841
77,652,850
78,659,864
79,668,864
80,676,856
81,684,856
82,692,854
83,701,846
84,708,840
85,717,829
86,725,821
87,733,819
88,741,823
89,749,836
90,758,842
91,766,842
92,774,843
93,782,842
94,791,845
95,798,846
96,807,844
97,815,838
98,823,831
99,831,823
100,840,822
101,847,826
102,856,830
103,864,836
104,872,841
105,881,840
106,889,831
107,897,830
108,905,829
109,914,830
110,921,846
111,930,854
112,938,855
113,946,853
114,954,845
115,963,836
116,970,834
117,979,832
118,987,837
119,995,840
120,1003,836
121,1012,829
122,1019,829
123,1028,835
124,1036,842
125,1045,847
126,1052,844
127,1061,841
128,1069,844
129,1077,844
130,1085,849
131,1094,855
132,1101,852
133,1110,864
134,1118,888
135,1126,889
136,1134,873
137,1143,863
138,1150,856
139,1159,851
140,1167,851
141,1175,865
142,1183,887
143,1192,902
144,1199,907
145,1208,906
146,1216,894
147,1225,880
148,1232,879
149,1241,884
150,1249,891
151,1257,898
152,1265,911
153,1274,919
154,1282,927
155,1290,939
156,1298,935
157,1306,935
158,1315,945
159,1323,953
160,1330,948
161,1339,947
162,1348,948
163,1356,947
164,1364,946
165,1372,952
166,1381,958
167,1388,951
168,1397,947
169,1405,964
170,1413,982
171,1421,977
172,1430,987
173,1437,994
174,1446,994
175,1454,995
176,1462,1002
177,1470,995
178,1479,992
179,1486,991
180,1495,998
181,1503,1006
182,1511,1008
183,1519,1020
184,1528,1023
185,1535,1023
186,1544,1022
187,1552,1022
188,1560,1017
189,1568,999
190,1577,1000
191,1584,1017
192,1593,1023
193,1601,1023
194,1610,1023
195,1617,1023
196,1626,1023
197,1634,1022
198,1642,1023
199,1650,1022
200,1659,1018
201,1667,1023
202,1675,1023
203,1684,1023
204,1691,1023
205,1700,1023
206,1708,1023
207,1717,1023
208,1724,1023
209,1733,1023
210,1741,1023
211,1749,1023
212,1757,1023
213,1766,1023
214,1773,1023
215,1782,1023
216,1790,1023
217,1798,1023
218,1806,1023
219,1815,1023
220,1822,1023
221,1831,1023
222,1839,1021
223,1848,1018
224,1855,1023
225,1864,1023
226,1872,1023
227,1880,1023
228,1888,1023
229,1897,1023
230,1904,1023
231,1913,1023
232,1921,1023
233,1929,1023
234,1937,1023
235,1945,1023
236,1954,1023
237,1962,1023
238,1970,1023
239,1978,1023
240,1986,1023
241,1995,1023
242,2002,1023
243,2011,1023
244,2019,1023
245,2028,1023
246,2035,1021
247,2044,1017
248,2052,1017
249,2060,1023
250,2068,1023
251,2077,1023
252,2084,1023
253,2093,1023
254,2101,1023
255,2109,1019
256,2117,1016
257,2126,1017
258,2134,1022
259,2142,1023
260,2150,1023
261,2159,1023
262,2166,1023
263,2175,1023
264,2183,1023
265,2191,1023
266,2199,1023
267,2208,1023
268,2215,1023
269,2224,1023
270,2232,1023
271,2241,1023
272,2248,1023
273,2257,1023
274,2265,1023
275,2273,1023
276,2281,1023
277,2290,1023
278,2297,1023
279,2306,1023
280,2314,1023
281,2322,1023
282,2330,1023
283,2339,1023
284,2346,1023
285,2355,1023
286,2363,1023
287,2372,1023
288,2379,1023
289,2388,1023
290,2396,1023
291,2404,1023
292,2412,1023
293,2421,1014
294,2428,998
295,2437,990
296,2445,991
297,2453,994
298,2461,1000
299,2470,999
300,2477,999
301,2486,996
302,2494,983
303,2502,975
304,2510,975
305,2519,977
306,2528,975
307,2535,976
308,2544,975
309,2552,967
310,2560,962
311,2568,965
312,2577,971
313,2584,979
314,2593,984
315,2601,991
316,2609,994
317,2617,982
318,2626,960
319,2633,935
320,2642,926
321,2650,931
322,2658,942
323,2666,949
324,2675,949
325,2682,951
326,2691,950
327,2699,940
328,2708,927
329,2715,920
330,2724,912
331,2732,913
332,2740,918
333,2748,923
334,2757,923
335,2764,919
336,2773,913
337,2781,907
338,2789,901
339,2797,898
340,2806,894
341,2814,879
342,2822,865
343,2830,857
344,2839,856
345,2846,863
346,2855,861
347,2863,853
348,2871,855
349,2879,861
350,2888,861
351,2895,862
352,2904,863
353,2912,861
354,2921,859
355,2928,857
356,2937,853
357,2944,851
358,2953,848
359,2961,846
360,2969,847
361,2977,846
362,2986,844
363,2994,841
364,3002,838
365,3011,838
366,3018,841
367,3027,844
368,3035,846
369,3043,848
370,3051,847
371,3060,843
372,3067,840
373,3076,838
374,3084,843
375,3092,853
376,3100,859
377,3108,862
378,3117,864
379,3125,858
380,3133,852
381,3141,849
382,3150,851
383,3157,851
384,3166,849
385,3174,849
386,3182,846
387,3191,846
388,3199,846
389,3207,845
390,3215,845
391,3224,846
392,3231,845
393,3240,846
394,3248,849
395,3256,850
396,3264,850
397,3273,850
398,3280,850
399,3289,846
400,3297,850
401,3305,853
402,3313,852
403,3322,852
404,3329,853
405,3338,854
406,3346,853
407,3354,846
408,3362,844
409,3371,849
410,3379,851
411,3387,848
412,3396,848
413,3403,848
414,3412,851
415,3420,854
416,3428,853
417,3436,849
418,3445,846
419,3453,844
420,3461,844
421,3469,848
422,3477,852
423,3485,855
424,3494,854
425,3502,854
426,3510,853
427,3518,851
428,3527,848
429,3534,847
430,3543,846
431,3551,847
432,3559,846
433,3568,841
434,3575,838
435,3584,838
436,3592,837
437,3600,838
438,3608,840
439,3617,842
440,3624,842
441,3633,834
442,3641,833
443,3649,833
444,3657,827
445,3666,823
446,3674,821
447,3682,823
448,3691,823
449,3698,822
450,3707,817
451,3715,810
452,3723,808
453,3731,808
454,3740,804
455,3747,801
456,3756,801
457,3764,797
458,3772,792
459,3780,789
460,3789,788
461,3796,785
462,3805,778
463,3814,776
464,3821,773
465,3830,769
466,3838,766
467,3846,763
468,3854,766
469,3863,769
470,3870,773
471,3879,771
472,3887,764
473,3895,758
474,3903,754
475,3912,751
476,3919,745
477,3928,741
478,3936,737
479,3944,736
480,3952,733
481,3961,733
482,3968,734
483,3977,728
484,3986,720
485,3993,719
486,4002,713
487,4010,707
488,4018,713
489,4026,712
490,4035,702
491,4042,705
492,4051,703
493,4059,699
494,4067,696
495,4075,695
496,4084,692
497,4091,704
498,4100,712
499,4108,710
500,4116,714
501,4124,725
502,4133,725
503,4141,722
504,4149,719
505,4158,705
506,4165,688
507,4174,679
508,4182,676
509,4190,680
510,4198,692
511,4207,691
512,4214,689
513,4223,692
514,4231,685
515,4239,683
516,4247,691
517,4256,690
518,4264,684
519,4272,689
520,4281,684
521,4288,681
522,4297,692
523,4305,698
524,4313,698
525,4321,703
526,4330,707
527,4337,709
528,4346,711
529,4354,713
530,4362,711
531,4370,702
532,4379,689
533,4386,684
534,4395,681
535,4402,675
536,4411,676
537,4419,681
538,4428,682
539,4435,690
540,4444,702
541,4453,697
542,4460,690
543,4469,688
544,4476,676
545,4485,672
546,4493,673
547,4501,675
548,4509,684
549,4518,691
550,4525,698
551,4534,704
552,4543,698
553,4550,690
554,4559,681
555,4567,670
556,4575,667
557,4583,677
558,4592,677
559,4599,671
560,4608,668
561,4616,673
562,4624,683
563,4632,697
564,4641,695
565,4648,696
566,4657,697
567,4665,694
568,4673,681
569,4681,671
570,4690,673
571,4698,681
572,4706,679
573,4715,681
574,4722,690
575,4731,700
576,4739,704
577,4747,702
578,4755,695
579,4764,688
580,4771,679
581,4780,672
582,4788,669
583,4796,666
584,4804,674
585,4813,689
586,4820,694
587,4829,695
588,4837,684
589,4845,679
590,4854,680
591,4862,676
592,4870,671
593,4878,667
594,4887,651
595,4894,645
596,4903,654
597,4911,658
598,4919,665
599,4927,683
600,4936,697
601,4943,707
602,4952,716
603,4960,721
604,4968,727
605,4976,726
606,4984,730
607,4993,730
608,5001,727
609,5009,730
610,5017,733
611,5026,733
612,5033,726
613,5042,725
614,5050,731
615,5058,724
616,5067,717
617,5075,722
618,5083,724
619,5091,717
620,5100,714
621,5107,712
622,5116,711
623,5124,723
624,5132,740
625,5140,751
626,5149,757
627,5156,754
628,5165,762
629,5173,773
630,5181,769
631,5189,765
632,5198,767
633,5205,762
634,5214,750
635,5222,755
636,5230,765
637,5239,766
638,5247,769
639,5255,776
640,5263,784
641,5272,792
642,5279,800
643,5288,805
644,5296,803
645,5304,808
646,5312,812
647,5321,812
648,5328,817
649,5337,816
650,5345,811
651,5353,807
652,5361,809
653,5370,813
654,5377,819
655,5386,820
656,5394,825
657,5402,834
658,5410,837
659,5419,843
660,5427,845
661,5435,840
662,5444,839
663,5451,835
664,5460,830
665,5468,828
666,5476,830
667,5484,839
668,5492,841
669,5501,846
670,5509,857
671,5517,861
672,5526,861
673,5533,863
674,5542,856
675,5549,842
676,5558,833
677,5566,832
678,5574,832
679,5582,836
680,5591,846
681,5599,854
682,5607,854
683,5616,853
684,5623,856
685,5632,853
686,5640,850
687,5648,851
688,5656,846
689,5665,846
690,5672,846
691,5681,838
692,5689,831
693,5697,834
694,5706,838
695,5714,841
696,5722,851
697,5730,855
698,5739,855
699,5746,855
700,5755,847
701,5763,838
702,5771,837
703,5779,839
704,5788,841
705,5795,842
706,5804,847
707,5812,848
708,5820,848
709,5828,852
710,5837,853
711,5844,853
712,5853,851
713,5862,846
714,5869,846
715,5878,846
716,5886,838
717,5894,832
718,5902,833
719,5911,836
720,5918,833
721,5927,831
722,5934,833
723,5943,843
724,5951,854
725,5960,853
726,5967,852
727,5976,852
728,5984,848
729,5992,841
730,6000,839
731,6008,836
732,6017,836
733,6025,842
734,6033,843
735,6041,849
736,6050,851
737,6058,853
738,6066,854
739,6074,851
740,6082,849
741,6090,853
742,6099,855
743,6106,850
744,6115,854
745,6123,858
746,6131,861
747,6139,873
748,6148,874
749,6156,873
750,6164,874
751,6173,873
752,6180,867
753,6189,866
754,6197,871
755,6205,871
756,6213,880
757,6222,888
758,6229,891
759,6238,895
760,6246,906
761,6254,917
762,6262,922
763,6271,919
764,6278,917
765,6287,918
766,6295,908
767,6303,912
768,6311,913
769,6320,924
770,6327,938
771,6336,947
772,6344,953
773,6353,957
774,6361,955
775,6369,949
776,6378,943
777,6385,945
778,6394,943
779,6402,941
780,6410,952
781,6418,959
782,6427,961
783,6434,970
784,6443,986
785,6451,989
786,6459,990
787,6467,992
788,6476,992
789,6483,989
790,6492,984
791,6499,987
792,6508,989
793,6517,984
794,6525,990
795,6533,998
796,6541,1000
797,6549,1000
798,6558,1007
799,6565,1007
800,6574,994
801,6582,989
802,6590,997
803,6599,1004
804,6606,1008
805,6615,1017
806,6622,1023
807,6631,1023
808,6639,1023
809,6648,1023
810,6655,1023
811,6664,1023
812,6672,1013
813,6680,1008
814,6688,1016
815,6697,1019
816,6705,1023
817,6713,1023
818,6721,1023
819,6729,1023
820,6738,1023
821,6745,1023
822,6754,1023
823,6762,1023
824,6771,1023
825,6778,1023
826,6787,1023
827,6795,1023
828,6803,1023
829,6811,1023
830,6820,1023
831,6828,1023
832,6836,1023
833,6845,1023
834,6852,1013
835,6861,1001
836,6868,1012
837,6877,1023
838,6885,1023
839,6894,1018
840,6901,1023
841,6910,1023
842,6917,1023
843,6926,1023
844,6934,1022
845,6943,1020
846,6950,1023
847,6959,1023
848,6966,1023
849,6975,1023
850,6984,1023
851,6991,1023
852,7000,1023
853,7008,1023
854,7017,1023
855,7024,1023
856,7033,1023
857,7040,1023
858,7049,1023
859,7057,1019
860,7066,1023
861,7073,1023
862,7082,1023
863,7090,1023
864,7098,1023
865,7106,1023
866,7115,1023
867,7122,1023
868,7131,1023
869,7139,1022
870,7147,1019
871,7155,1020
872,7164,1023
873,7171,1023
874,7180,1023
875,7188,1023
876,7196,1023
877,7204,1023
878,7213,1023
879,7221,1020
880,7229,1022
881,7238,1023
882,7245,1023
883,7254,1023
884,7262,1023
885,7270,1023
886,7278,1023
887,7287,1023
888,7294,1023
889,7303,1023
890,7311,1023
891,7319,1023
892,7327,1023
893,7336,1023
894,7343,1023
895,7352,1021
896,7360,1022
897,7368,1023
898,7376,1023
899,7385,1023
900,7392,1023
901,7401,1023
902,7409,1023
903,7417,1020
904,7426,1009
905,7434,996
906,7442,1000
907,7450,1010
908,7459,1018
909,7466,1023
910,7475,1023
911,7483,1016
912,7492,1016
913,7499,1016
914,7508,1013
915,7515,1008
916,7524,1002
917,7532,998
918,7540,992
919,7548,988
920,7557,989
921,7565,986
922,7573,983
923,7581,982
924,7590,981
925,7598,979
926,7606,977
927,7614,975
928,7622,980
929,7631,984
930,7638,980
931,7647,980
932,7655,969
933,7663,957
934,7672,948
935,7679,941
936,7688,940
937,7696,944
938,7704,950
939,7712,954
940,7721,953
941,7728,948
942,7737,939
943,7745,928
944,7753,923
945,7761,919
946,7770,916
947,7778,914
948,7786,909
949,7794,906
950,7802,903
951,7811,899
952,7819,896
953,7827,897
954,7835,901
955,7844,900
956,7851,895
957,7860,888
958,7868,883
959,7876,873
960,7884,864
961,7893,861
962,7900,861
963,7909,866
964,7917,867
965,7925,872
966,7934,878
967,7942,876
968,7950,872
969,7958,868
970,7967,857
971,7974,848
972,7983,848
973,7991,851
974,7999,855
975,8007,861
976,8016,869
977,8023,875
978,8032,872
979,8040,868
980,8048,864
981,8056,858
982,8065,859
983,8073,857
984,8081,857
985,8090,851
986,8097,846
987,8106,845
988,8114,845
989,8122,843
990,8130,843
991,8139,845
992,8146,842
993,8155,833
994,8162,831
995,8171,839
996,8179,846
997,8188,851
998,8196,852
999,8204,855
1000,8213,856
1001,8220,857
1002,8229,854
1003,8236,851
1004,8245,847
1005,8253,840
1006,8261,839
1007,8269,841
1008,8278,847
1009,8285,853
1010,8294,856
1011,8302,855
1012,8310,852
1013,8318,854
1014,8327,857
1015,8335,856
1016,8343,855
1017,8352,852
1018,8359,848
1019,8368,843
1020,8376,838
1021,8384,835
1022,8392,838
1023,8401,846
1024,8408,852
1025,8417,858
1026,8425,860
1027,8433,861
1028,8441,864
1029,8450,860
1030,8457,855
1031,8466,853
1032,8475,850
1033,8482,848
1034,8491,847
1035,8499,845
1036,8507,844
1037,8515,843
1038,8524,847
1039,8531,851
1040,8540,856
1041,8548,862
1042,8556,864
1043,8564,858
1044,8573,848
1045,8580,844
1046,8589,843
1047,8598,843
1048,8606,842
1049,8613,841
1050,8622,842
1051,8630,844
1052,8638,847
1053,8647,847
1054,8654,845
1055,8663,845
1056,8670,850
1057,8679,851
1058,8688,852
1059,8695,852
1060,8704,847
1061,8711,842
1062,8720,840
1063,8728,834
1064,8736,831
1065,8744,835
1066,8753,838
1067,8760,837
1068,8769,835
1069,8777,836
1070,8785,835
1071,8794,833
1072,8802,831
1073,8811,828
1074,8818,823
1075,8827,819
1076,8834,817
1077,8843,820
1078,8851,821
1079,8859,821
1080,8867,820
1081,8876,817
1082,8883,817
1083,8892,806
1084,8900,799
1085,8908,790
1086,8917,780
1087,8925,774
1088,8933,772
1089,8941,771
1090,8950,772
1091,8957,779
1092,8966,776
1093,8974,773
1094,8982,768
1095,8990,762
1096,8999,756
1097,9006,751
1098,9015,746
1099,9023,741
1100,9031,742
1101,9039,740
1102,9048,735
1103,9056,734
1104,9064,736
1105,9073,736
1106,9084,730
1107,9093,724
1108,9101,725
1109,9109,719
1110,9118,716
1111,9125,726
1112,9134,733
1113,9142,735
1114,9150,737
1115,9158,735
1116,9166,725
1117,9174,712
1118,9183,714
1119,9191,713
1120,9199,712
1121,9208,726
1122,9215,731
1123,9224,734
1124,9232,739
1125,9240,734
1126,9248,713
1127,9257,700
1128,9264,690
1129,9273,689
1130,9281,699
1131,9289,704
1132,9297,701
1133,9306,698
1134,9314,701
1135,9322,704
1136,9331,707
1137,9338,702
1138,9347,698
1139,9355,683
1140,9363,681
1141,9371,686
1142,9380,690
1143,9387,698
1144,9396,698
1145,9403,692
1146,9412,695
1147,9421,694
1148,9428,689
1149,9437,689
1150,9445,698
1151,9453,699
1152,9461,701
1153,9470,696
1154,9477,682
1155,9486,675
1156,9494,674
1157,9502,673
1158,9510,676
1159,9519,680
1160,9526,683
1161,9535,686
1162,9544,692
1163,9551,688
1164,9560,692
1165,9568,693
1166,9576,687
1167,9584,688
1168,9592,688
1169,9601,685
1170,9609,683
1171,9616,685
1172,9625,686
1173,9633,688
1174,9641,688
1175,9649,684
1176,9658,686
1177,9666,684
1178,9674,684
1179,9682,689
1180,9691,672
1181,9699,673
1182,9707,695
1183,9715,703
1184,9723,695
1185,9732,691
1186,9739,691
1187,9748,689
1188,9756,686
1189,9764,687
1190,9772,688
1191,9781,692
1192,9789,685
1193,9797,683
1194,9806,686
1195,9813,687
1196,9822,699
1197,9830,700
1198,9838,699
1199,9846,699
1200,9855,687
1201,9862,679
1202,9871,675
1203,9879,673
1204,9887,672
1205,9895,675
1206,9904,665
1207,9912,656
1208,9920,652
1209,9929,651
1210,9936,653
1211,9945,660
1212,9953,667
1213,9961,675
1214,9969,685
1215,9978,694
1216,9985,705
1217,9994,711
1218,10002,711
